kinematics:
  shoulder:
    x: 0
    y: 0
    z: 0.162640974356815
    roll: -0
    pitch: 0
    yaw: -2.818506624410744e-07
  upper_arm:
    x: 0.0001471989920540941
    y: 0
    z: 0
    roll: 1.570258725038476
    pitch: 0
    yaw: -3.094956177562835e-06
  forearm:
    x: -0.4255725270740245
    y: 0
    z: 0
    roll: 3.141466517083645
    pitch: 3.139122867157377
    yaw: 3.141582285601111
  wrist_1:
    x: -0.3923989483293683
    y: -0.0004869831606908437
    z: 0.1344359425225232
    roll: 0.003622402026720573
    pitch: 0.0003098693671651984
    yaw: 1.365135968973406e-05
  wrist_2:
    x: 5.083774629052902e-05
    y: -0.09985022077093257
    z: 4.490362046425045e-05
    roll: 1.570346617048734
    pitch: 0
    yaw: 2.655065662812706e-07
  wrist_3:
    x: 4.303252214011811e-05
    y: 0.09975774035918307
    z: 0.0001199433210873483
    roll: 1.571998672225511
    pitch: 3.141592653589793
    yaw: 3.141592213955329
  hash: calib_8553291334562876422